0	2275.32
1	1655.05
2	1374.76
3	1205.55
4	1088.75
5	1001.65
6	933.343
7	877.833
8	831.519
9	792.083
10	757.955
11	728.027
12	701.492
13	677.747
14	656.327
15	636.874
16	619.098
17	602.77
18	587.701
19	573.735
20	560.742
21	548.613
22	537.255
23	526.589
24	516.547
25	507.069
26	498.104
27	489.607
28	481.538
29	473.862
30	466.547
31	459.566
32	452.894
33	446.509
34	440.391
35	434.52
36	428.881
37	423.459
38	418.24
39	413.212
40	408.362
41	403.682
42	399.16
43	394.789
44	390.559
45	386.464
46	382.496
47	378.649
48	374.916
49	371.293
50	367.773
51	364.353
52	361.026
53	357.79
54	354.64
55	351.572
56	348.583
57	345.669
58	342.827
59	340.055
60	337.349
61	334.707
62	332.126
63	329.604
64	327.139
65	324.729
66	322.371
67	320.064
68	317.806
69	315.596
70	313.43
71	311.309
72	309.23
73	307.193
74	305.195
75	303.236
76	301.314
77	299.428
78	297.577
79	295.76
80	293.976
81	292.224
82	290.502
83	288.811
84	287.149
85	285.515
86	283.909
87	282.329
88	280.776
89	279.247
90	277.744
91	276.264
92	274.808
93	273.374
94	271.963
95	270.573
96	269.204
97	267.856
98	266.527
99	265.218
100	263.929
101	262.657
102	261.404
103	260.169
104	258.95
105	257.749
106	256.564
107	255.395
108	254.242
109	253.105
110	251.982
111	250.874
112	249.781
113	248.701
114	247.636
115	246.584
116	245.545
117	244.519
118	243.505
119	242.505
120	241.516
121	240.539
122	239.574
123	238.62
124	237.678
125	236.746
126	235.825
127	234.915
128	234.016
129	233.126
130	232.246
131	231.377
132	230.516
133	229.666
134	228.824
135	227.992
136	227.168
137	226.354
138	225.548
139	224.75
140	223.961
141	223.18
142	222.407
143	221.642
144	220.884
145	220.135
146	219.392
147	218.658
148	217.93
149	217.21
150	216.496
151	215.79
152	215.09
153	214.397
154	213.71
155	213.03
156	212.357
157	211.69
158	211.029
159	210.373
160	209.724
161	209.081
162	208.444
163	207.812
164	207.186
165	206.566
166	205.951
167	205.342
168	204.737
169	204.138
170	203.544
171	202.956
172	202.372
173	201.793
174	201.219
175	200.65
176	200.086
177	199.526
178	198.971
179	198.421
180	197.875
181	197.333
182	196.796
183	196.263
184	195.734
185	195.209
186	194.689
187	194.173
188	193.66
189	193.152
190	192.648
191	192.147
192	191.651
193	191.158
194	190.669
195	190.183
196	189.701
197	189.223
198	188.748
199	188.277
200	187.809
201	187.345
202	186.884
203	186.426
204	185.972
205	185.521
206	185.073
207	184.628
208	184.187
209	183.748
210	183.313
211	182.881
212	182.451
213	182.025
214	181.601
215	181.181
216	180.763
217	180.348
218	179.936
219	179.527
220	179.12
221	178.716
222	178.315
223	177.916
224	177.52
225	177.127
226	176.736
227	176.348
228	175.962
229	175.579
230	175.198
231	174.82
232	174.444
233	174.07
234	173.699
235	173.33
236	172.963
237	172.599
238	172.236
239	171.877
240	171.519
241	171.163
242	170.81
243	170.459
244	170.11
245	169.763
246	169.418
247	169.075
248	168.734
249	168.395
250	168.058
251	167.723
252	167.39
253	167.059
254	166.73
255	166.403
256	166.078
257	165.754
258	165.433
259	165.113
260	164.795
261	164.479
262	164.165
263	163.852
264	163.541
265	163.232
266	162.925
267	162.619
268	162.315
269	162.013
270	161.712
271	161.413
272	161.115
273	160.819
274	160.525
275	160.232
276	159.941
277	159.652
278	159.364
279	159.077
280	158.792
281	158.509
282	158.227
283	157.946
284	157.667
285	157.389
286	157.113
287	156.838
288	156.565
289	156.293
290	156.022
291	155.753
292	155.485
293	155.218
294	154.953
295	154.689
296	154.427
297	154.165
298	153.905
299	153.647
300	153.389
301	153.133
302	152.878
303	152.624
304	152.372
305	152.121
306	151.871
307	151.622
308	151.374
309	151.128
310	150.883
311	150.639
312	150.396
313	150.154
314	149.913
315	149.674
316	149.435
317	149.198
318	148.962
319	148.727
320	148.493
321	148.26
322	148.028
323	147.797
324	147.567
325	147.339
326	147.111
327	146.884
328	146.659
329	146.434
330	146.21
331	145.988
332	145.766
333	145.546
334	145.326
335	145.107
336	144.89
337	144.673
338	144.457
339	144.242
340	144.028
341	143.815
342	143.603
343	143.392
344	143.182
345	142.972
346	142.764
347	142.556
348	142.35
349	142.144
350	141.939
351	141.735
352	141.532
353	141.329
354	141.128
355	140.927
356	140.727
357	140.528
358	140.33
359	140.133
360	139.936
361	139.74
362	139.545
363	139.351
364	139.158
365	138.965
366	138.774
367	138.583
368	138.392
369	138.203
370	138.014
371	137.826
372	137.639
373	137.452
374	137.267
375	137.082
376	136.898
377	136.714
378	136.531
379	136.349
380	136.168
381	135.987
382	135.807
383	135.628
384	135.449
385	135.271
386	135.094
387	134.918
388	134.742
389	134.567
390	134.392
391	134.218
392	134.045
393	133.873
394	133.701
395	133.53
396	133.359
397	133.189
398	133.02
399	132.851
400	132.683
401	132.516
402	132.349
403	132.183
404	132.018
405	131.853
406	131.688
407	131.525
408	131.362
409	131.199
410	131.037
411	130.876
412	130.715
413	130.555
414	130.395
415	130.236
416	130.078
417	129.92
418	129.763
419	129.606
420	129.45
421	129.294
422	129.139
423	128.985
424	128.831
425	128.677
426	128.524
427	128.372
428	128.22
429	128.069
430	127.918
431	127.768
432	127.618
433	127.469
434	127.32
435	127.172
436	127.025
437	126.877
438	126.731
439	126.585
440	126.439
441	126.294
442	126.149
443	126.005
444	125.862
445	125.718
446	125.576
447	125.434
448	125.292
449	125.151
450	125.01
451	124.87
452	124.73
453	124.59
454	124.452
455	124.313
456	124.175
457	124.038
458	123.901
459	123.764
460	123.628
461	123.492
462	123.357
463	123.222
464	123.088
465	122.954
466	122.82
467	122.687
468	122.555
469	122.423
470	122.291
471	122.16
472	122.029
473	121.898
474	121.768
475	121.638
476	121.509
477	121.38
478	121.252
479	121.124
480	120.996
481	120.869
482	120.742
483	120.616
484	120.49
485	120.365
486	120.239
487	120.115
488	119.99
489	119.866
490	119.743
491	119.619
492	119.497
493	119.374
494	119.252
495	119.13
496	119.009
497	118.888
498	118.767
499	118.647
500	118.527
501	118.408
502	118.289
503	118.17
504	118.052
505	117.934
506	117.816
507	117.699
508	117.582
509	117.465
510	117.349
511	117.233
512	117.118
513	117.003
514	116.888
515	116.773
516	116.659
517	116.546
518	116.432
519	116.319
520	116.206
521	116.094
522	115.982
523	115.87
524	115.759
525	115.648
526	115.537
527	115.426
528	115.316
529	115.207
530	115.097
531	114.988
532	114.879
533	114.771
534	114.663
535	114.555
536	114.447
537	114.34
538	114.233
539	114.126
540	114.02
541	113.914
542	113.809
543	113.703
544	113.598
545	113.493
546	113.389
547	113.285
548	113.181
549	113.077
550	112.974
551	112.871
552	112.769
553	112.666
554	112.564
555	112.462
556	112.361
557	112.26
558	112.159
559	112.058
560	111.958
561	111.858
562	111.758
563	111.659
564	111.56
565	111.461
566	111.362
567	111.264
568	111.166
569	111.068
570	110.97
571	110.873
572	110.776
573	110.679
574	110.583
575	110.487
576	110.391
577	110.295
578	110.2
579	110.105
580	110.01
581	109.915
582	109.821
583	109.727
584	109.633
585	109.54
586	109.447
587	109.354
588	109.261
589	109.168
590	109.076
591	108.984
592	108.892
593	108.801
594	108.71
595	108.619
596	108.528
597	108.438
598	108.347
599	108.257
600	108.168
601	108.078
602	107.989
603	107.9
604	107.811
605	107.723
606	107.634
607	107.546
608	107.458
609	107.371
610	107.284
611	107.196
612	107.11
613	107.023
614	106.937
615	106.85
616	106.764
617	106.679
618	106.593
619	106.508
620	106.423
621	106.338
622	106.254
623	106.169
624	106.085
625	106.001
626	105.918
627	105.834
628	105.751
629	105.668
630	105.585
631	105.503
632	105.42
633	105.338
634	105.256
635	105.175
636	105.093
637	105.012
638	104.931
639	104.85
640	104.77
641	104.689
642	104.609
643	104.529
644	104.449
645	104.37
646	104.29
647	104.211
648	104.132
649	104.054
650	103.975
651	103.897
652	103.819
653	103.741
654	103.663
655	103.586
656	103.508
657	103.431
658	103.354
659	103.278
660	103.201
661	103.125
662	103.049
663	102.973
664	102.897
665	102.822
666	102.746
667	102.671
668	102.596
669	102.521
670	102.447
671	102.373
672	102.298
673	102.224
674	102.151
675	102.077
676	102.004
677	101.931
678	101.857
679	101.785
680	101.712
681	101.64
682	101.567
683	101.495
684	101.423
685	101.352
686	101.28
687	101.209
688	101.138
689	101.067
690	100.996
691	100.925
692	100.855
693	100.784
694	100.714
695	100.644
696	100.575
697	100.505
698	100.436
699	100.366
700	100.297
701	100.229
702	100.16
703	100.091
704	100.023
705	99.9549
706	99.8869
707	99.819
708	99.7514
709	99.6839
710	99.6166
711	99.5495
712	99.4825
713	99.4157
714	99.3491
715	99.2826
716	99.2163
717	99.1502
718	99.0842
719	99.0184
720	98.9527
721	98.8873
722	98.822
723	98.7568
724	98.6918
725	98.627
726	98.5623
727	98.4979
728	98.4335
729	98.3693
730	98.3053
731	98.2415
732	98.1778
733	98.1142
734	98.0508
735	97.9876
736	97.9246
737	97.8616
738	97.7989
739	97.7363
740	97.6739
741	97.6116
742	97.5494
743	97.4875
744	97.4256
745	97.364
746	97.3024
747	97.2411
748	97.1799
749	97.1188
750	97.0579
751	96.9971
752	96.9365
753	96.8761
754	96.8157
755	96.7556
756	96.6956
757	96.6357
758	96.576
759	96.5164
760	96.457
761	96.3977
762	96.3385
763	96.2796
764	96.2207
765	96.162
766	96.1035
767	96.045
768	95.9868
769	95.9287
770	95.8707
771	95.8128
772	95.7551
773	95.6976
774	95.6401
775	95.5829
776	95.5257
777	95.4687
778	95.4119
779	95.3552
780	95.2986
781	95.2421
782	95.1858
783	95.1297
784	95.0736
785	95.0177
786	94.962
787	94.9064
788	94.8509
789	94.7955
790	94.7403
791	94.6852
792	94.6303
793	94.5755
794	94.5208
795	94.4662
796	94.4118
797	94.3575
798	94.3034
799	94.2494
800	94.1955
801	94.1417
802	94.0881
803	94.0346
804	93.9812
805	93.928
806	93.8749
807	93.8219
808	93.769
809	93.7163
810	93.6637
811	93.6113
812	93.5589
813	93.5067
814	93.4546
815	93.4026
816	93.3508
817	93.2991
818	93.2475
819	93.196
820	93.1447
821	93.0935
822	93.0424
823	92.9914
824	92.9406
825	92.8898
826	92.8392
827	92.7887
828	92.7384
829	92.6881
830	92.638
831	92.588
832	92.5381
833	92.4884
834	92.4388
835	92.3892
836	92.3398
837	92.2906
838	92.2414
839	92.1923
840	92.1434
841	92.0946
842	92.0459
843	91.9973
844	91.9489
845	91.9005
846	91.8523
847	91.8042
848	91.7562
849	91.7083
850	91.6605
851	91.6129
852	91.5654
853	91.5179
854	91.4706
855	91.4234
856	91.3763
857	91.3294
858	91.2825
859	91.2357
860	91.1891
861	91.1426
862	91.0962
863	91.0499
864	91.0037
865	90.9576
866	90.9116
867	90.8657
868	90.82
869	90.7743
870	90.7288
871	90.6834
872	90.6381
873	90.5928
874	90.5477
875	90.5027
876	90.4578
877	90.4131
878	90.3684
879	90.3238
880	90.2793
881	90.235
882	90.1907
883	90.1466
884	90.1025
885	90.0586
886	90.0148
887	89.971
888	89.9274
889	89.8839
890	89.8405
891	89.7971
892	89.7539
893	89.7108
894	89.6678
895	89.6249
896	89.5821
897	89.5394
898	89.4968
899	89.4543
900	89.4119
901	89.3696
902	89.3274
903	89.2853
904	89.2433
905	89.2014
906	89.1595
907	89.1178
908	89.0762
909	89.0347
910	88.9933
911	88.952
912	88.9108
913	88.8697
914	88.8287
915	88.7877
916	88.7469
917	88.7062
918	88.6655
919	88.625
920	88.5846
921	88.5442
922	88.504
923	88.4638
924	88.4237
925	88.3838
926	88.3439
927	88.3041
928	88.2644
929	88.2249
930	88.1854
931	88.1459
932	88.1066
933	88.0674
934	88.0283
935	87.9893
936	87.9503
937	87.9115
938	87.8727
939	87.834
940	87.7955
941	87.757
942	87.7186
943	87.6803
944	87.642
945	87.6039
946	87.5659
947	87.5279
948	87.4901
949	87.4523
950	87.4146
951	87.377
952	87.3395
953	87.3021
954	87.2648
955	87.2276
956	87.1904
957	87.1533
958	87.1164
959	87.0795
960	87.0427
961	87.0059
962	86.9693
963	86.9328
964	86.8963
965	86.8599
966	86.8236
967	86.7874
968	86.7513
969	86.7153
970	86.6793
971	86.6435
972	86.6077
973	86.572
974	86.5364
975	86.5008
976	86.4654
977	86.43
978	86.3947
979	86.3595
980	86.3244
981	86.2894
982	86.2544
983	86.2196
984	86.1848
985	86.1501
986	86.1154
987	86.0809
988	86.0464
989	86.0121
990	85.9777
991	85.9435
992	85.9094
993	85.8753
994	85.8413
995	85.8074
996	85.7736
997	85.7399
998	85.7062
999	85.6726
1000	85.6391
1001	85.6057
1002	85.5723
1003	85.539
1004	85.5058
1005	85.4727
1006	85.4397
1007	85.4067
1008	85.3738
1009	85.341
1010	85.3083
1011	85.2756
1012	85.243
1013	85.2105
1014	85.1781
1015	85.1457
1016	85.1134
1017	85.0812
1018	85.0491
1019	85.0171
1020	84.9851
1021	84.9532
1022	84.9213
1023	84.8896
1024	84.8579
1025	84.8263
1026	84.7948
1027	84.7633
1028	84.7319
1029	84.7006
1030	84.6693
1031	84.6382
1032	84.6071
1033	84.5761
1034	84.5451
1035	84.5142
1036	84.4834
1037	84.4527
1038	84.422
1039	84.3914
1040	84.3609
1041	84.3304
1042	84.3001
1043	84.2698
1044	84.2395
1045	84.2093
1046	84.1792
1047	84.1492
1048	84.1193
1049	84.0894
1050	84.0596
1051	84.0298
1052	84.0001
1053	83.9705
1054	83.941
1055	83.9115
1056	83.8821
1057	83.8528
1058	83.8235
1059	83.7943
1060	83.7651
1061	83.7361
1062	83.7071
1063	83.6782
1064	83.6493
1065	83.6205
1066	83.5918
1067	83.5631
1068	83.5345
1069	83.506
1070	83.4775
1071	83.4491
1072	83.4208
1073	83.3925
1074	83.3643
1075	83.3362
1076	83.3081
1077	83.2801
1078	83.2522
1079	83.2243
1080	83.1965
1081	83.1687
1082	83.1411
1083	83.1134
1084	83.0859
1085	83.0584
1086	83.031
1087	83.0036
1088	82.9763
1089	82.9491
1090	82.9219
1091	82.8948
1092	82.8678
1093	82.8408
1094	82.8139
1095	82.787
1096	82.7602
1097	82.7335
1098	82.7068
1099	82.6802
1100	82.6537
1101	82.6272
1102	82.6007
1103	82.5744
1104	82.5481
1105	82.5218
1106	82.4957
1107	82.4695
1108	82.4435
1109	82.4175
1110	82.3915
1111	82.3657
1112	82.3399
1113	82.3141
1114	82.2884
1115	82.2628
1116	82.2372
1117	82.2117
1118	82.1862
1119	82.1608
1120	82.1355
1121	82.1102
1122	82.0849
1123	82.0598
1124	82.0347
1125	82.0096
1126	81.9846
1127	81.9597
1128	81.9348
1129	81.91
1130	81.8852
1131	81.8605
1132	81.8359
1133	81.8113
1134	81.7867
1135	81.7623
1136	81.7378
1137	81.7135
1138	81.6892
1139	81.6649
1140	81.6407
1141	81.6166
1142	81.5925
1143	81.5685
1144	81.5445
1145	81.5206
1146	81.4967
1147	81.4729
1148	81.4492
1149	81.4255
1150	81.4018
1151	81.3782
1152	81.3547
1153	81.3312
1154	81.3078
1155	81.2844
1156	81.2611
1157	81.2379
1158	81.2147
1159	81.1915
1160	81.1684
1161	81.1453
1162	81.1224
1163	81.0994
1164	81.0765
1165	81.0537
1166	81.0309
1167	81.0082
1168	80.9855
1169	80.9629
1170	80.9403
1171	80.9178
1172	80.8953
1173	80.8729
1174	80.8505
1175	80.8282
1176	80.806
1177	80.7838
1178	80.7616
1179	80.7395
1180	80.7174
1181	80.6954
1182	80.6735
1183	80.6516
1184	80.6297
1185	80.6079
1186	80.5862
1187	80.5645
1188	80.5428
1189	80.5212
1190	80.4997
1191	80.4781
1192	80.4567
1193	80.4353
1194	80.4139
1195	80.3926
1196	80.3714
1197	80.3502
1198	80.329
1199	80.3079
1200	80.2868
1201	80.2658
1202	80.2449
1203	80.224
1204	80.2031
1205	80.1823
1206	80.1615
1207	80.1408
1208	80.1201
1209	80.0995
1210	80.0789
1211	80.0584
1212	80.0379
1213	80.0175
1214	79.9971
1215	79.9767
1216	79.9564
1217	79.9362
1218	79.916
1219	79.8958
1220	79.8757
1221	79.8556
1222	79.8356
1223	79.8157
1224	79.7957
1225	79.7759
1226	79.756
1227	79.7362
1228	79.7165
1229	79.6968
1230	79.6772
1231	79.6576
1232	79.638
1233	79.6185
1234	79.599
1235	79.5796
1236	79.5602
1237	79.5409
1238	79.5216
1239	79.5023
1240	79.4831
1241	79.464
1242	79.4449
1243	79.4258
1244	79.4068
1245	79.3878
1246	79.3689
1247	79.35
1248	79.3311
1249	79.3123
1250	79.2935
1251	79.2748
1252	79.2561
1253	79.2375
1254	79.2189
1255	79.2004
1256	79.1819
1257	79.1634
1258	79.145
1259	79.1266
1260	79.1083
1261	79.09
1262	79.0717
1263	79.0535
1264	79.0353
1265	79.0172
1266	78.9991
1267	78.9811
1268	78.9631
1269	78.9451
1270	78.9272
1271	78.9093
1272	78.8915
1273	78.8737
1274	78.856
1275	78.8382
1276	78.8206
1277	78.8029
1278	78.7854
1279	78.7678
1280	78.7503
1281	78.7328
1282	78.7154
1283	78.698
1284	78.6807
1285	78.6634
1286	78.6461
1287	78.6289
1288	78.6117
1289	78.5945
1290	78.5774
1291	78.5603
1292	78.5433
1293	78.5263
1294	78.5094
1295	78.4924
1296	78.4756
1297	78.4587
1298	78.4419
1299	78.4252
1300	78.4085
1301	78.3918
1302	78.3751
1303	78.3585
1304	78.342
1305	78.3254
1306	78.3089
1307	78.2925
1308	78.2761
1309	78.2597
1310	78.2434
1311	78.2271
1312	78.2108
1313	78.1946
1314	78.1784
1315	78.1622
1316	78.1461
1317	78.13
1318	78.114
1319	78.098
1320	78.082
1321	78.0661
1322	78.0502
1323	78.0343
1324	78.0185
1325	78.0027
1326	77.987
1327	77.9713
1328	77.9556
1329	77.94
1330	77.9244
1331	77.9088
1332	77.8933
1333	77.8778
1334	77.8623
1335	77.8469
1336	77.8315
1337	77.8161
1338	77.8008
1339	77.7855
1340	77.7703
1341	77.7551
1342	77.7399
1343	77.7248
1344	77.7096
1345	77.6946
1346	77.6795
1347	77.6645
1348	77.6496
1349	77.6346
1350	77.6197
1351	77.6049
1352	77.59
1353	77.5752
1354	77.5605
1355	77.5457
1356	77.531
1357	77.5164
1358	77.5017
1359	77.4871
1360	77.4726
1361	77.4581
1362	77.4436
1363	77.4291
1364	77.4147
1365	77.4003
1366	77.3859
1367	77.3716
1368	77.3573
1369	77.343
1370	77.3288
1371	77.3146
1372	77.3004
1373	77.2863
1374	77.2722
1375	77.2581
1376	77.2441
1377	77.2301
1378	77.2161
1379	77.2022
1380	77.1883
1381	77.1744
1382	77.1606
1383	77.1468
1384	77.133
1385	77.1192
1386	77.1055
1387	77.0918
1388	77.0782
1389	77.0645
1390	77.051
1391	77.0374
1392	77.0239
1393	77.0104
1394	76.9969
1395	76.9835
1396	76.9701
1397	76.9567
1398	76.9434
1399	76.93
1400	76.9168
1401	76.9035
1402	76.8903
1403	76.8771
1404	76.8639
1405	76.8508
1406	76.8377
1407	76.8246
1408	76.8116
1409	76.7986
1410	76.7856
1411	76.7727
1412	76.7598
1413	76.7469
1414	76.734
1415	76.7212
1416	76.7084
1417	76.6956
1418	76.6829
1419	76.6701
1420	76.6575
1421	76.6448
1422	76.6322
1423	76.6196
1424	76.607
1425	76.5945
1426	76.582
1427	76.5695
1428	76.557
1429	76.5446
1430	76.5322
1431	76.5198
1432	76.5075
1433	76.4952
1434	76.4829
1435	76.4707
1436	76.4584
1437	76.4462
1438	76.4341
1439	76.4219
1440	76.4098
1441	76.3977
1442	76.3857
1443	76.3736
1444	76.3616
1445	76.3497
1446	76.3377
1447	76.3258
1448	76.3139
1449	76.302
1450	76.2902
1451	76.2784
1452	76.2666
1453	76.2549
1454	76.2431
1455	76.2314
1456	76.2197
1457	76.2081
1458	76.1965
1459	76.1849
1460	76.1733
1461	76.1618
1462	76.1502
1463	76.1388
1464	76.1273
1465	76.1159
1466	76.1044
1467	76.0931
1468	76.0817
1469	76.0704
1470	76.0591
1471	76.0478
1472	76.0365
1473	76.0253
1474	76.0141
1475	76.0029
1476	75.9918
1477	75.9807
1478	75.9696
1479	75.9585
1480	75.9474
1481	75.9364
1482	75.9254
1483	75.9144
1484	75.9035
1485	75.8926
1486	75.8817
1487	75.8708
1488	75.8599
1489	75.8491
1490	75.8383
1491	75.8276
1492	75.8168
1493	75.8061
1494	75.7954
1495	75.7847
1496	75.7741
1497	75.7634
1498	75.7528
1499	75.7423
1500	75.7317
1501	75.7212
1502	75.7107
1503	75.7002
1504	75.6897
1505	75.6793
1506	75.6689
1507	75.6585
1508	75.6481
1509	75.6378
1510	75.6275
1511	75.6172
1512	75.6069
1513	75.5967
1514	75.5865
1515	75.5763
1516	75.5661
1517	75.556
1518	75.5458
1519	75.5357
1520	75.5257
1521	75.5156
1522	75.5056
1523	75.4956
1524	75.4856
1525	75.4756
1526	75.4657
1527	75.4558
1528	75.4459
1529	75.436
1530	75.4261
1531	75.4163
1532	75.4065
1533	75.3967
1534	75.387
1535	75.3772
1536	75.3675
1537	75.3578
1538	75.3482
1539	75.3385
1540	75.3289
1541	75.3193
1542	75.3097
1543	75.3001
1544	75.2906
1545	75.2811
1546	75.2716
1547	75.2621
1548	75.2527
1549	75.2432
1550	75.2338
1551	75.2245
1552	75.2151
1553	75.2057
1554	75.1964
1555	75.1871
1556	75.1778
1557	75.1686
1558	75.1594
1559	75.1501
1560	75.1409
1561	75.1318
1562	75.1226
1563	75.1135
1564	75.1044
1565	75.0953
1566	75.0862
1567	75.0772
1568	75.0682
1569	75.0592
1570	75.0502
1571	75.0412
1572	75.0323
1573	75.0233
1574	75.0144
1575	75.0056
1576	74.9967
1577	74.9879
1578	74.979
1579	74.9702
1580	74.9615
1581	74.9527
1582	74.944
1583	74.9352
1584	74.9265
1585	74.9179
1586	74.9092
1587	74.9006
1588	74.8919
1589	74.8833
1590	74.8748
1591	74.8662
1592	74.8576
1593	74.8491
1594	74.8406
1595	74.8321
1596	74.8237
1597	74.8152
1598	74.8068
1599	74.7984
1600	74.79
1601	74.7817
1602	74.7733
1603	74.765
1604	74.7567
1605	74.7484
1606	74.7401
1607	74.7319
1608	74.7236
1609	74.7154
1610	74.7072
1611	74.699
1612	74.6909
1613	74.6827
1614	74.6746
1615	74.6665
1616	74.6584
1617	74.6504
1618	74.6423
1619	74.6343
1620	74.6263
1621	74.6183
1622	74.6103
1623	74.6024
1624	74.5944
1625	74.5865
1626	74.5786
1627	74.5707
1628	74.5629
1629	74.555
1630	74.5472
1631	74.5394
1632	74.5316
1633	74.5238
1634	74.5161
1635	74.5083
1636	74.5006
1637	74.4929
1638	74.4852
1639	74.4775
1640	74.4699
1641	74.4623
1642	74.4547
1643	74.4471
1644	74.4395
1645	74.4319
1646	74.4244
1647	74.4168
1648	74.4093
1649	74.4018
1650	74.3944
1651	74.3869
1652	74.3795
1653	74.372
1654	74.3646
1655	74.3572
1656	74.3499
1657	74.3425
1658	74.3352
1659	74.3278
1660	74.3205
1661	74.3132
1662	74.306
1663	74.2987
1664	74.2915
1665	74.2843
1666	74.2771
1667	74.2699
1668	74.2627
1669	74.2555
1670	74.2484
1671	74.2413
1672	74.2342
1673	74.2271
1674	74.22
1675	74.2129
1676	74.2059
1677	74.1989
1678	74.1919
1679	74.1849
1680	74.1779
1681	74.1709
1682	74.164
1683	74.157
1684	74.1501
1685	74.1432
1686	74.1363
1687	74.1295
1688	74.1226
1689	74.1158
1690	74.109
1691	74.1022
1692	74.0954
1693	74.0886
1694	74.0819
1695	74.0751
1696	74.0684
1697	74.0617
1698	74.055
1699	74.0483
1700	74.0416
1701	74.035
1702	74.0283
1703	74.0217
1704	74.0151
1705	74.0085
1706	74.002
1707	73.9954
1708	73.9889
1709	73.9823
1710	73.9758
1711	73.9693
1712	73.9628
1713	73.9564
1714	73.9499
1715	73.9435
1716	73.937
1717	73.9306
1718	73.9242
1719	73.9179
1720	73.9115
1721	73.9051
1722	73.8988
1723	73.8925
1724	73.8862
1725	73.8799
1726	73.8736
1727	73.8673
1728	73.8611
1729	73.8549
1730	73.8486
1731	73.8424
1732	73.8362
1733	73.8301
1734	73.8239
1735	73.8177
1736	73.8116
1737	73.8055
1738	73.7994
1739	73.7933
1740	73.7872
1741	73.7811
1742	73.7751
1743	73.769
1744	73.763
1745	73.757
1746	73.751
1747	73.745
1748	73.7391
1749	73.7331
1750	73.7272
1751	73.7212
1752	73.7153
1753	73.7094
1754	73.7035
1755	73.6977
1756	73.6918
1757	73.686
1758	73.6801
1759	73.6743
1760	73.6685
1761	73.6627
1762	73.6569
1763	73.6511
1764	73.6454
1765	73.6397
1766	73.6339
1767	73.6282
1768	73.6225
1769	73.6168
1770	73.6111
1771	73.6055
1772	73.5998
1773	73.5942
1774	73.5886
1775	73.583
1776	73.5774
1777	73.5718
1778	73.5662
1779	73.5607
1780	73.5551
1781	73.5496
1782	73.5441
1783	73.5385
1784	73.533
1785	73.5276
1786	73.5221
1787	73.5166
1788	73.5112
1789	73.5058
1790	73.5003
1791	73.4949
1792	73.4895
1793	73.4841
1794	73.4788
1795	73.4734
1796	73.4681
1797	73.4627
1798	73.4574
1799	73.4521
1800	73.4468
1801	73.4415
1802	73.4363
1803	73.431
1804	73.4257
1805	73.4205
1806	73.4153
1807	73.4101
1808	73.4049
1809	73.3997
1810	73.3945
1811	73.3893
1812	73.3842
1813	73.379
1814	73.3739
1815	73.3688
1816	73.3637
1817	73.3586
1818	73.3535
1819	73.3484
1820	73.3434
1821	73.3383
1822	73.3333
1823	73.3283
1824	73.3233
1825	73.3183
1826	73.3133
1827	73.3083
1828	73.3033
1829	73.2984
1830	73.2934
1831	73.2885
1832	73.2836
1833	73.2786
1834	73.2737
1835	73.2689
1836	73.264
1837	73.2591
1838	73.2543
1839	73.2494
1840	73.2446
1841	73.2398
1842	73.235
1843	73.2302
1844	73.2254
1845	73.2206
1846	73.2158
1847	73.2111
1848	73.2063
1849	73.2016
1850	73.1969
1851	73.1922
1852	73.1874
1853	73.1828
1854	73.1781
1855	73.1734
1856	73.1688
1857	73.1641
1858	73.1595
1859	73.1548
1860	73.1502
1861	73.1456
1862	73.141
1863	73.1364
1864	73.1319
1865	73.1273
1866	73.1228
1867	73.1182
1868	73.1137
1869	73.1092
1870	73.1046
1871	73.1001
1872	73.0957
1873	73.0912
1874	73.0867
1875	73.0822
1876	73.0778
1877	73.0734
1878	73.0689
1879	73.0645
1880	73.0601
1881	73.0557
1882	73.0513
1883	73.0469
1884	73.0426
1885	73.0382
1886	73.0339
1887	73.0295
1888	73.0252
1889	73.0209
1890	73.0166
1891	73.0123
1892	73.008
1893	73.0037
1894	72.9994
1895	72.9952
1896	72.9909
1897	72.9867
1898	72.9825
1899	72.9782
1900	72.974
1901	72.9698
1902	72.9656
1903	72.9615
1904	72.9573
1905	72.9531
1906	72.949
1907	72.9448
1908	72.9407
1909	72.9366
1910	72.9324
1911	72.9283
1912	72.9242
1913	72.9202
1914	72.9161
1915	72.912
1916	72.908
1917	72.9039
1918	72.8999
1919	72.8958
1920	72.8918
1921	72.8878
1922	72.8838
1923	72.8798
1924	72.8758
1925	72.8718
1926	72.8679
1927	72.8639
1928	72.86
1929	72.856
1930	72.8521
1931	72.8482
1932	72.8443
1933	72.8404
1934	72.8365
1935	72.8326
1936	72.8287
1937	72.8248
1938	72.821
1939	72.8171
1940	72.8133
1941	72.8095
1942	72.8056
1943	72.8018
1944	72.798
1945	72.7942
1946	72.7904
1947	72.7866
1948	72.7829
1949	72.7791
1950	72.7754
1951	72.7716
1952	72.7679
1953	72.7641
1954	72.7604
1955	72.7567
1956	72.753
1957	72.7493
1958	72.7456
1959	72.742
1960	72.7383
1961	72.7346
1962	72.731
1963	72.7273
1964	72.7237
1965	72.7201
1966	72.7165
1967	72.7128
1968	72.7092
1969	72.7056
1970	72.7021
1971	72.6985
1972	72.6949
1973	72.6914
1974	72.6878
1975	72.6843
1976	72.6807
1977	72.6772
1978	72.6737
1979	72.6702
1980	72.6667
1981	72.6632
1982	72.6597
1983	72.6562
1984	72.6527
1985	72.6493
1986	72.6458
1987	72.6423
1988	72.6389
1989	72.6355
1990	72.6321
1991	72.6286
1992	72.6252
1993	72.6218
1994	72.6184
1995	72.615
1996	72.6117
1997	72.6083
1998	72.6049
1999	72.6016
2000	72.5982
2001	72.5949
2002	72.5916
2003	72.5882
2004	72.5849
2005	72.5816
2006	72.5783
2007	72.575
2008	72.5717
2009	72.5685
2010	72.5652
2011	72.5619
2012	72.5587
2013	72.5554
2014	72.5522
2015	72.5489
2016	72.5457
2017	72.5425
2018	72.5393
2019	72.5361
2020	72.5329
2021	72.5297
2022	72.5265
2023	72.5233
2024	72.5202
2025	72.517
2026	72.5139
2027	72.5107
2028	72.5076
2029	72.5044
2030	72.5013
2031	72.4982
2032	72.4951
2033	72.492
2034	72.4889
2035	72.4858
2036	72.4827
2037	72.4797
2038	72.4766
2039	72.4735
2040	72.4705
2041	72.4674
2042	72.4644
2043	72.4614
2044	72.4583
2045	72.4553
2046	72.4523
2047	72.4493
2048	72.4463
2049	72.4433
2050	72.4403
2051	72.4373
2052	72.4344
2053	72.4314
2054	72.4285
2055	72.4255
2056	72.4226
2057	72.4196
2058	72.4167
2059	72.4138
2060	72.4109
2061	72.408
2062	72.405
2063	72.4022
2064	72.3993
2065	72.3964
2066	72.3935
2067	72.3906
2068	72.3878
2069	72.3849
2070	72.3821
2071	72.3792
2072	72.3764
2073	72.3736
2074	72.3707
2075	72.3679
2076	72.3651
2077	72.3623
2078	72.3595
2079	72.3567
2080	72.3539
2081	72.3511
2082	72.3484
2083	72.3456
2084	72.3428
2085	72.3401
2086	72.3373
2087	72.3346
2088	72.3319
2089	72.3291
2090	72.3264
2091	72.3237
2092	72.321
2093	72.3183
2094	72.3156
2095	72.3129
2096	72.3102
2097	72.3075
2098	72.3049
2099	72.3022
2100	72.2995
2101	72.2969
2102	72.2942
2103	72.2916
2104	72.289
2105	72.2863
2106	72.2837
2107	72.2811
2108	72.2785
2109	72.2759
2110	72.2733
2111	72.2707
2112	72.2681
2113	72.2655
2114	72.2629
2115	72.2604
2116	72.2578
2117	72.2552
2118	72.2527
2119	72.2501
2120	72.2476
2121	72.2451
2122	72.2425
2123	72.24
2124	72.2375
2125	72.235
2126	72.2325
2127	72.23
2128	72.2275
2129	72.225
2130	72.2225
2131	72.22
2132	72.2176
2133	72.2151
2134	72.2126
2135	72.2102
2136	72.2077
2137	72.2053
2138	72.2029
2139	72.2004
2140	72.198
2141	72.1956
2142	72.1932
2143	72.1907
2144	72.1883
2145	72.1859
2146	72.1836
2147	72.1812
2148	72.1788
2149	72.1764
2150	72.174
2151	72.1717
2152	72.1693
2153	72.167
2154	72.1646
2155	72.1623
2156	72.1599
2157	72.1576
2158	72.1553
2159	72.1529
2160	72.1506
2161	72.1483
2162	72.146
2163	72.1437
2164	72.1414
2165	72.1391
2166	72.1368
2167	72.1345
2168	72.1323
2169	72.13
2170	72.1277
2171	72.1255
2172	72.1232
2173	72.121
2174	72.1187
2175	72.1165
2176	72.1142
2177	72.112
2178	72.1098
2179	72.1076
2180	72.1054
2181	72.1032
2182	72.1009
2183	72.0988
2184	72.0966
2185	72.0944
2186	72.0922
2187	72.09
2188	72.0878
2189	72.0857
2190	72.0835
2191	72.0813
2192	72.0792
2193	72.077
2194	72.0749
2195	72.0728
2196	72.0706
2197	72.0685
2198	72.0664
2199	72.0643
2200	72.0621
2201	72.06
2202	72.0579
2203	72.0558
2204	72.0537
2205	72.0516
2206	72.0496
2207	72.0475
2208	72.0454
2209	72.0433
2210	72.0413
2211	72.0392
2212	72.0371
2213	72.0351
2214	72.033
2215	72.031
2216	72.029
2217	72.0269
2218	72.0249
2219	72.0229
2220	72.0209
2221	72.0188
2222	72.0168
2223	72.0148
2224	72.0128
2225	72.0108
2226	72.0088
2227	72.0069
2228	72.0049
2229	72.0029
2230	72.0009
2231	71.9989
2232	71.997
2233	71.995
2234	71.9931
2235	71.9911
2236	71.9892
2237	71.9872
2238	71.9853
2239	71.9834
2240	71.9814
2241	71.9795
2242	71.9776
2243	71.9757
2244	71.9738
2245	71.9719
2246	71.97
2247	71.9681
2248	71.9662
2249	71.9643
2250	71.9624
2251	71.9605
2252	71.9586
2253	71.9568
2254	71.9549
2255	71.953
2256	71.9512
2257	71.9493
2258	71.9475
2259	71.9456
2260	71.9438
2261	71.9419
2262	71.9401
2263	71.9383
2264	71.9364
2265	71.9346
2266	71.9328
2267	71.931
2268	71.9292
2269	71.9274
2270	71.9256
2271	71.9238
2272	71.922
2273	71.9202
2274	71.9184
2275	71.9166
2276	71.9149
2277	71.9131
2278	71.9113
2279	71.9096
2280	71.9078
2281	71.9061
2282	71.9043
2283	71.9026
2284	71.9008
2285	71.8991
2286	71.8973
2287	71.8956
2288	71.8939
2289	71.8922
2290	71.8904
2291	71.8887
2292	71.887
2293	71.8853
2294	71.8836
2295	71.8819
2296	71.8802
2297	71.8785
2298	71.8768
2299	71.8751
2300	71.8735
2301	71.8718
2302	71.8701
2303	71.8684
2304	71.8668
2305	71.8651
2306	71.8635
2307	71.8618
2308	71.8602
2309	71.8585
2310	71.8569
2311	71.8552
2312	71.8536
2313	71.852
2314	71.8503
2315	71.8487
2316	71.8471
2317	71.8455
2318	71.8439
2319	71.8423
2320	71.8406
2321	71.839
2322	71.8374
2323	71.8359
2324	71.8343
2325	71.8327
2326	71.8311
2327	71.8295
2328	71.8279
2329	71.8264
2330	71.8248
2331	71.8232
2332	71.8217
2333	71.8201
2334	71.8186
2335	71.817
2336	71.8155
2337	71.8139
2338	71.8124
2339	71.8108
2340	71.8093
2341	71.8078
2342	71.8063
2343	71.8047
2344	71.8032
2345	71.8017
2346	71.8002
2347	71.7987
2348	71.7972
2349	71.7957
2350	71.7942
2351	71.7927
2352	71.7912
2353	71.7897
2354	71.7882
2355	71.7867
2356	71.7853
2357	71.7838
2358	71.7823
2359	71.7808
2360	71.7794
2361	71.7779
2362	71.7765
2363	71.775
2364	71.7736
2365	71.7721
2366	71.7707
2367	71.7692
2368	71.7678
2369	71.7664
2370	71.7649
2371	71.7635
2372	71.7621
2373	71.7607
2374	71.7592
2375	71.7578
2376	71.7564
2377	71.755
2378	71.7536
2379	71.7522
2380	71.7508
2381	71.7494
2382	71.748
2383	71.7466
2384	71.7452
2385	71.7439
2386	71.7425
2387	71.7411
2388	71.7397
2389	71.7384
2390	71.737
2391	71.7356
2392	71.7343
2393	71.7329
2394	71.7316
2395	71.7302
2396	71.7289
2397	71.7275
2398	71.7262
2399	71.7248
2400	71.7235
2401	71.7222
2402	71.7208
2403	71.7195
2404	71.7182
2405	71.7169
2406	71.7156
2407	71.7142
2408	71.7129
2409	71.7116
2410	71.7103
2411	71.709
2412	71.7077
2413	71.7064
2414	71.7051
2415	71.7038
2416	71.7026
2417	71.7013
2418	71.7
2419	71.6987
2420	71.6974
2421	71.6962
2422	71.6949
2423	71.6936
2424	71.6924
2425	71.6911
2426	71.6898
2427	71.6886
2428	71.6873
2429	71.6861
2430	71.6848
2431	71.6836
2432	71.6824
2433	71.6811
2434	71.6799
2435	71.6786
2436	71.6774
2437	71.6762
2438	71.675
2439	71.6737
2440	71.6725
2441	71.6713
2442	71.6701
2443	71.6689
2444	71.6677
2445	71.6665
2446	71.6653
2447	71.6641
2448	71.6629
2449	71.6617
2450	71.6605
2451	71.6593
2452	71.6581
2453	71.6569
2454	71.6558
2455	71.6546
2456	71.6534
2457	71.6522
2458	71.6511
2459	71.6499
2460	71.6487
2461	71.6476
2462	71.6464
2463	71.6453
2464	71.6441
2465	71.643
2466	71.6418
2467	71.6407
2468	71.6395
2469	71.6384
2470	71.6373
2471	71.6361
2472	71.635
2473	71.6339
2474	71.6327
2475	71.6316
2476	71.6305
2477	71.6294
2478	71.6283
2479	71.6271
2480	71.626
2481	71.6249
2482	71.6238
2483	71.6227
2484	71.6216
2485	71.6205
2486	71.6194
2487	71.6183
2488	71.6172
2489	71.6161
2490	71.6151
2491	71.614
2492	71.6129
2493	71.6118
2494	71.6107
2495	71.6097
2496	71.6086
2497	71.6075
2498	71.6065
2499	71.6054
2500	71.6043
2501	71.6033
2502	71.6022
2503	71.6012
2504	71.6001
2505	71.5991
2506	71.598
2507	71.597
2508	71.5959
2509	71.5949
2510	71.5939
2511	71.5928
2512	71.5918
2513	71.5908
2514	71.5897
2515	71.5887
2516	71.5877
2517	71.5867
2518	71.5857
2519	71.5846
2520	71.5836
2521	71.5826
2522	71.5816
2523	71.5806
2524	71.5796
2525	71.5786
2526	71.5776
2527	71.5766
2528	71.5756
2529	71.5746
2530	71.5736
2531	71.5726
2532	71.5716
2533	71.5707
2534	71.5697
2535	71.5687
2536	71.5677
2537	71.5667
2538	71.5658
2539	71.5648
2540	71.5638
2541	71.5629
2542	71.5619
2543	71.5609
2544	71.56
2545	71.559
2546	71.5581
2547	71.5571
2548	71.5562
2549	71.5552
2550	71.5543
2551	71.5533
2552	71.5524
2553	71.5515
2554	71.5505
2555	71.5496
2556	71.5487
2557	71.5477
2558	71.5468
2559	71.5459
2560	71.5449
2561	71.544
2562	71.5431
2563	71.5422
2564	71.5413
2565	71.5403
2566	71.5394
2567	71.5385
2568	71.5376
2569	71.5367
2570	71.5358
2571	71.5349
2572	71.534
2573	71.5331
2574	71.5322
2575	71.5313
2576	71.5304
2577	71.5295
2578	71.5287
2579	71.5278
2580	71.5269
2581	71.526
2582	71.5251
2583	71.5243
2584	71.5234
2585	71.5225
2586	71.5216
2587	71.5208
2588	71.5199
2589	71.519
2590	71.5182
2591	71.5173
2592	71.5165
2593	71.5156
2594	71.5147
2595	71.5139
2596	71.513
2597	71.5122
2598	71.5113
2599	71.5105
2600	71.5097
2601	71.5088
2602	71.508
2603	71.5071
2604	71.5063
2605	71.5055
2606	71.5046
2607	71.5038
2608	71.503
2609	71.5022
2610	71.5013
2611	71.5005
2612	71.4997
2613	71.4989
2614	71.4981
2615	71.4972
2616	71.4964
2617	71.4956
2618	71.4948
2619	71.494
2620	71.4932
2621	71.4924
2622	71.4916
2623	71.4908
2624	71.49
2625	71.4892
2626	71.4884
2627	71.4876
2628	71.4868
2629	71.486
2630	71.4852
2631	71.4845
2632	71.4837
2633	71.4829
2634	71.4821
2635	71.4813
2636	71.4806
2637	71.4798
2638	71.479
2639	71.4782
2640	71.4775
2641	71.4767
2642	71.4759
2643	71.4752
2644	71.4744
2645	71.4737
2646	71.4729
2647	71.4721
2648	71.4714
2649	71.4706
2650	71.4699
2651	71.4691
2652	71.4684
2653	71.4676
2654	71.4669
2655	71.4661
2656	71.4654
2657	71.4647
2658	71.4639
2659	71.4632
2660	71.4625
2661	71.4617
2662	71.461
2663	71.4603
2664	71.4595
2665	71.4588
2666	71.4581
2667	71.4574
2668	71.4566
2669	71.4559
2670	71.4552
2671	71.4545
2672	71.4538
2673	71.4531
2674	71.4524
2675	71.4516
2676	71.4509
2677	71.4502
2678	71.4495
2679	71.4488
2680	71.4481
2681	71.4474
2682	71.4467
2683	71.446
2684	71.4453
2685	71.4446
2686	71.4439
2687	71.4433
2688	71.4426
2689	71.4419
2690	71.4412
2691	71.4405
2692	71.4398
2693	71.4391
2694	71.4385
2695	71.4378
2696	71.4371
2697	71.4364
2698	71.4358
2699	71.4351
2700	71.4344
2701	71.4338
2702	71.4331
2703	71.4324
2704	71.4318
2705	71.4311
2706	71.4304
2707	71.4298
2708	71.4291
2709	71.4285
2710	71.4278
2711	71.4272
2712	71.4265
2713	71.4259
2714	71.4252
2715	71.4246
2716	71.4239
2717	71.4233
2718	71.4226
2719	71.422
2720	71.4214
2721	71.4207
2722	71.4201
2723	71.4194
2724	71.4188
2725	71.4182
2726	71.4175
2727	71.4169
2728	71.4163
2729	71.4157
2730	71.415
2731	71.4144
2732	71.4138
2733	71.4132
2734	71.4125
2735	71.4119
2736	71.4113
2737	71.4107
2738	71.4101
2739	71.4095
2740	71.4089
2741	71.4083
2742	71.4076
2743	71.407
2744	71.4064
2745	71.4058
2746	71.4052
2747	71.4046
2748	71.404
2749	71.4034
2750	71.4028
2751	71.4022
2752	71.4016
2753	71.401
2754	71.4005
2755	71.3999
2756	71.3993
2757	71.3987
2758	71.3981
2759	71.3975
2760	71.3969
2761	71.3964
2762	71.3958
2763	71.3952
2764	71.3946
2765	71.394
2766	71.3935
2767	71.3929
2768	71.3923
2769	71.3917
2770	71.3912
2771	71.3906
2772	71.39
2773	71.3895
2774	71.3889
2775	71.3883
2776	71.3878
2777	71.3872
2778	71.3867
2779	71.3861
2780	71.3855
2781	71.385
2782	71.3844
2783	71.3839
2784	71.3833
2785	71.3828
2786	71.3822
2787	71.3817
2788	71.3811
2789	71.3806
2790	71.38
2791	71.3795
2792	71.379
2793	71.3784
2794	71.3779
2795	71.3773
2796	71.3768
2797	71.3763
2798	71.3757
2799	71.3752
2800	71.3747
2801	71.3741
2802	71.3736
2803	71.3731
2804	71.3725
2805	71.372
2806	71.3715
2807	71.371
2808	71.3705
2809	71.3699
2810	71.3694
2811	71.3689
2812	71.3684
2813	71.3679
2814	71.3673
2815	71.3668
2816	71.3663
2817	71.3658
2818	71.3653
2819	71.3648
2820	71.3643
2821	71.3638
2822	71.3633
2823	71.3628
2824	71.3623
2825	71.3618
2826	71.3613
2827	71.3608
2828	71.3603
2829	71.3598
2830	71.3593
2831	71.3588
2832	71.3583
2833	71.3578
2834	71.3573
2835	71.3568
2836	71.3563
2837	71.3558
2838	71.3553
2839	71.3548
2840	71.3544
2841	71.3539
2842	71.3534
2843	71.3529
2844	71.3524
2845	71.3519
2846	71.3515
2847	71.351
2848	71.3505
2849	71.35
2850	71.3496
2851	71.3491
2852	71.3486
2853	71.3482
2854	71.3477
2855	71.3472
2856	71.3467
2857	71.3463
2858	71.3458
2859	71.3453
2860	71.3449
2861	71.3444
2862	71.344
2863	71.3435
2864	71.343
2865	71.3426
2866	71.3421
2867	71.3417
2868	71.3412
2869	71.3408
2870	71.3403
2871	71.3399
2872	71.3394
2873	71.339
2874	71.3385
2875	71.3381
2876	71.3376
2877	71.3372
2878	71.3367
2879	71.3363
2880	71.3358
2881	71.3354
2882	71.335
2883	71.3345
2884	71.3341
2885	71.3336
2886	71.3332
2887	71.3328
2888	71.3323
2889	71.3319
2890	71.3315
2891	71.331
2892	71.3306
2893	71.3302
2894	71.3297
2895	71.3293
2896	71.3289
2897	71.3285
2898	71.328
2899	71.3276
2900	71.3272
2901	71.3268
2902	71.3264
2903	71.3259
2904	71.3255
2905	71.3251
2906	71.3247
2907	71.3243
2908	71.3239
2909	71.3234
2910	71.323
2911	71.3226
2912	71.3222
2913	71.3218
2914	71.3214
2915	71.321
2916	71.3206
2917	71.3202
2918	71.3198
2919	71.3194
2920	71.3189
2921	71.3185
2922	71.3181
2923	71.3177
2924	71.3173
2925	71.3169
2926	71.3165
2927	71.3161
2928	71.3158
2929	71.3154
2930	71.315
2931	71.3146
2932	71.3142
2933	71.3138
2934	71.3134
2935	71.313
2936	71.3126
2937	71.3122
2938	71.3118
2939	71.3115
2940	71.3111
2941	71.3107
2942	71.3103
2943	71.3099
2944	71.3095
2945	71.3092
2946	71.3088
2947	71.3084
2948	71.308
2949	71.3076
2950	71.3073
2951	71.3069
2952	71.3065
2953	71.3061
2954	71.3058
2955	71.3054
2956	71.305
2957	71.3047
2958	71.3043
2959	71.3039
2960	71.3035
2961	71.3032
2962	71.3028
2963	71.3024
2964	71.3021
2965	71.3017
2966	71.3014
2967	71.301
2968	71.3006
2969	71.3003
2970	71.2999
2971	71.2996
2972	71.2992
2973	71.2988
2974	71.2985
2975	71.2981
2976	71.2978
2977	71.2974
2978	71.2971
2979	71.2967
2980	71.2964
2981	71.296
2982	71.2957
2983	71.2953
2984	71.295
2985	71.2946
2986	71.2943
2987	71.2939
2988	71.2936
2989	71.2932
2990	71.2929
2991	71.2925
2992	71.2922
2993	71.2919
2994	71.2915
2995	71.2912
2996	71.2908
2997	71.2905
2998	71.2902
2999	71.2898
3000	71.2895
3001	71.2892
3002	71.2888
3003	71.2885
3004	71.2882
3005	71.2878
3006	71.2875
3007	71.2872
3008	71.2868
3009	71.2865
3010	71.2862
3011	71.2859
3012	71.2855
3013	71.2852
3014	71.2849
3015	71.2846
3016	71.2842
3017	71.2839
3018	71.2836
3019	71.2833
3020	71.2829
3021	71.2826
3022	71.2823
3023	71.282
3024	71.2817
3025	71.2814
3026	71.281
3027	71.2807
3028	71.2804
3029	71.2801
3030	71.2798
3031	71.2795
3032	71.2792
3033	71.2788
3034	71.2785
3035	71.2782
3036	71.2779
3037	71.2776
3038	71.2773
3039	71.277
3040	71.2767
3041	71.2764
3042	71.2761
3043	71.2758
3044	71.2755
3045	71.2752
3046	71.2749
3047	71.2746
3048	71.2743
3049	71.274
3050	71.2737
3051	71.2734
3052	71.2731
3053	71.2728
3054	71.2725
3055	71.2722
3056	71.2719
3057	71.2716
3058	71.2713
3059	71.271
3060	71.2707
3061	71.2704
3062	71.2701
3063	71.2698
3064	71.2696
3065	71.2693
3066	71.269
3067	71.2687
3068	71.2684
3069	71.2681
3070	71.2678
3071	71.2675
3072	71.2673
3073	71.267
3074	71.2667
3075	71.2664
3076	71.2661
3077	71.2659
3078	71.2656
3079	71.2653
3080	71.265
3081	71.2647
3082	71.2645
3083	71.2642
3084	71.2639
3085	71.2636
3086	71.2634
3087	71.2631
3088	71.2628
3089	71.2625
3090	71.2623
3091	71.262
3092	71.2617
3093	71.2614
3094	71.2612
3095	71.2609
3096	71.2606
3097	71.2604
3098	71.2601
3099	71.2598
3100	71.2596
3101	71.2593
3102	71.259
3103	71.2588
3104	71.2585
3105	71.2582
3106	71.258
3107	71.2577
3108	71.2575
3109	71.2572
3110	71.2569
3111	71.2567
3112	71.2564
3113	71.2562
3114	71.2559
3115	71.2556
3116	71.2554
3117	71.2551
3118	71.2549
3119	71.2546
3120	71.2544
3121	71.2541
3122	71.2539
3123	71.2536
3124	71.2534
3125	71.2531
3126	71.2529
3127	71.2526
3128	71.2524
3129	71.2521
3130	71.2519
3131	71.2516
3132	71.2514
3133	71.2511
3134	71.2509
3135	71.2506
3136	71.2504
3137	71.2501
3138	71.2499
3139	71.2496
3140	71.2494
3141	71.2492
3142	71.2489
3143	71.2487
3144	71.2484
3145	71.2482
3146	71.248
3147	71.2477
3148	71.2475
3149	71.2472
3150	71.247
3151	71.2468
3152	71.2465
3153	71.2463
3154	71.2461
3155	71.2458
3156	71.2456
3157	71.2454
3158	71.2451
3159	71.2449
3160	71.2447
3161	71.2444
3162	71.2442
3163	71.244
3164	71.2437
3165	71.2435
3166	71.2433
3167	71.2431
3168	71.2428
3169	71.2426
3170	71.2424
3171	71.2421
3172	71.2419
3173	71.2417
3174	71.2415
3175	71.2412
3176	71.241
3177	71.2408
3178	71.2406
3179	71.2404
3180	71.2401
3181	71.2399
3182	71.2397
3183	71.2395
3184	71.2393
3185	71.239
3186	71.2388
3187	71.2386
3188	71.2384
3189	71.2382
3190	71.2379
3191	71.2377
3192	71.2375
3193	71.2373
3194	71.2371
3195	71.2369
3196	71.2367
3197	71.2364
3198	71.2362
3199	71.236
3200	71.2358
3201	71.2356
3202	71.2354
3203	71.2352
3204	71.235
3205	71.2348
3206	71.2345
3207	71.2343
3208	71.2341
3209	71.2339
3210	71.2337
3211	71.2335
3212	71.2333
3213	71.2331
3214	71.2329
3215	71.2327
3216	71.2325
3217	71.2323
3218	71.2321
3219	71.2319
3220	71.2317
3221	71.2315
3222	71.2313
3223	71.2311
3224	71.2309
3225	71.2307
3226	71.2305
3227	71.2303
3228	71.2301
3229	71.2299
3230	71.2297
3231	71.2295
3232	71.2293
3233	71.2291
3234	71.2289
3235	71.2287
3236	71.2285
3237	71.2283
3238	71.2281
3239	71.2279
3240	71.2277
3241	71.2275
3242	71.2274
3243	71.2272
3244	71.227
3245	71.2268
3246	71.2266
3247	71.2264
3248	71.2262
3249	71.226
3250	71.2258
3251	71.2256
3252	71.2255
3253	71.2253
3254	71.2251
3255	71.2249
3256	71.2247
3257	71.2245
3258	71.2243
3259	71.2242
3260	71.224
3261	71.2238
3262	71.2236
3263	71.2234
3264	71.2232
3265	71.2231
3266	71.2229
3267	71.2227
3268	71.2225
3269	71.2223
3270	71.2222
3271	71.222
3272	71.2218
3273	71.2216
3274	71.2214
3275	71.2213
3276	71.2211
3277	71.2209
3278	71.2207
3279	71.2206
3280	71.2204
3281	71.2202
3282	71.22
3283	71.2199
3284	71.2197
3285	71.2195
3286	71.2193
3287	71.2192
3288	71.219
3289	71.2188
3290	71.2186
3291	71.2185
3292	71.2183
3293	71.2181
3294	71.218
3295	71.2178
3296	71.2176
3297	71.2175
3298	71.2173
3299	71.2171
3300	71.217
3301	71.2168
3302	71.2166
3303	71.2164
3304	71.2163
3305	71.2161
3306	71.216
3307	71.2158
3308	71.2156
3309	71.2155
3310	71.2153
3311	71.2151
3312	71.215
3313	71.2148
3314	71.2146
3315	71.2145
3316	71.2143
3317	71.2142
3318	71.214
3319	71.2138
3320	71.2137
3321	71.2135
3322	71.2134
3323	71.2132
3324	71.213
3325	71.2129
3326	71.2127
3327	71.2126
3328	71.2124
3329	71.2122
3330	71.2121
3331	71.2119
3332	71.2118
3333	71.2116
3334	71.2115
3335	71.2113
3336	71.2112
3337	71.211
3338	71.2109
3339	71.2107
3340	71.2105
3341	71.2104
3342	71.2102
3343	71.2101
3344	71.2099
3345	71.2098
3346	71.2096
3347	71.2095
3348	71.2093
3349	71.2092
3350	71.209
3351	71.2089
3352	71.2087
3353	71.2086
3354	71.2084
3355	71.2083
3356	71.2081
3357	71.208
3358	71.2079
3359	71.2077
3360	71.2076
3361	71.2074
3362	71.2073
3363	71.2071
3364	71.207
3365	71.2068
3366	71.2067
3367	71.2065
3368	71.2064
3369	71.2063
3370	71.2061
3371	71.206
3372	71.2058
3373	71.2057
3374	71.2056
3375	71.2054
3376	71.2053
3377	71.2051
3378	71.205
3379	71.2048
3380	71.2047
3381	71.2046
3382	71.2044
3383	71.2043
3384	71.2042
3385	71.204
3386	71.2039
3387	71.2037
3388	71.2036
3389	71.2035
3390	71.2033
3391	71.2032
3392	71.2031
3393	71.2029
3394	71.2028
3395	71.2027
3396	71.2025
3397	71.2024
3398	71.2023
3399	71.2021
3400	71.202
3401	71.2019
3402	71.2017
3403	71.2016
3404	71.2015
3405	71.2013
3406	71.2012
3407	71.2011
3408	71.2009
3409	71.2008
3410	71.2007
3411	71.2005
3412	71.2004
3413	71.2003
3414	71.2002
3415	71.2
3416	71.1999
3417	71.1998
3418	71.1996
3419	71.1995
3420	71.1994
3421	71.1993
3422	71.1991
3423	71.199
3424	71.1989
3425	71.1988
3426	71.1986
3427	71.1985
3428	71.1984
3429	71.1983
3430	71.1981
3431	71.198
3432	71.1979
3433	71.1978
3434	71.1976
3435	71.1975
3436	71.1974
3437	71.1973
3438	71.1972
3439	71.197
3440	71.1969
3441	71.1968
3442	71.1967
3443	71.1965
3444	71.1964
3445	71.1963
3446	71.1962
3447	71.1961
3448	71.1959
3449	71.1958
3450	71.1957
3451	71.1956
3452	71.1955
3453	71.1954
3454	71.1952
3455	71.1951
3456	71.195
3457	71.1949
3458	71.1948
3459	71.1947
3460	71.1945
3461	71.1944
3462	71.1943
3463	71.1942
3464	71.1941
3465	71.194
3466	71.1939
3467	71.1937
3468	71.1936
3469	71.1935
3470	71.1934
3471	71.1933
3472	71.1932
3473	71.1931
3474	71.1929
3475	71.1928
3476	71.1927
3477	71.1926
3478	71.1925
3479	71.1924
3480	71.1923
3481	71.1922
3482	71.1921
3483	71.1919
3484	71.1918
3485	71.1917
3486	71.1916
3487	71.1915
3488	71.1914
3489	71.1913
3490	71.1912
3491	71.1911
3492	71.191
3493	71.1909
3494	71.1908
3495	71.1907
3496	71.1905
3497	71.1904
3498	71.1903
3499	71.1902
3500	71.1901
3501	71.19
3502	71.1899
3503	71.1898
3504	71.1897
3505	71.1896
3506	71.1895
3507	71.1894
3508	71.1893
3509	71.1892
3510	71.1891
3511	71.189
3512	71.1889
3513	71.1888
3514	71.1887
3515	71.1886
3516	71.1885
3517	71.1884
3518	71.1883
3519	71.1882
3520	71.1881
3521	71.188
3522	71.1879
3523	71.1878
3524	71.1877
3525	71.1876
3526	71.1875
3527	71.1874
3528	71.1873
3529	71.1872
3530	71.1871
3531	71.187
3532	71.1869
3533	71.1868
3534	71.1867
3535	71.1866
3536	71.1865
3537	71.1864
3538	71.1863
3539	71.1862
3540	71.1861
3541	71.186
3542	71.1859
3543	71.1858
3544	71.1857
3545	71.1856
3546	71.1855
3547	71.1854
3548	71.1853
3549	71.1852
3550	71.1851
3551	71.1851
3552	71.185
3553	71.1849
3554	71.1848
3555	71.1847
3556	71.1846
3557	71.1845
3558	71.1844
3559	71.1843
3560	71.1842
3561	71.1841
3562	71.184
3563	71.1839
3564	71.1839
3565	71.1838
3566	71.1837
3567	71.1836
3568	71.1835
3569	71.1834
3570	71.1833
3571	71.1832
3572	71.1831
3573	71.183
3574	71.183
3575	71.1829
3576	71.1828
3577	71.1827
3578	71.1826
3579	71.1825
3580	71.1824
3581	71.1823
3582	71.1822
3583	71.1822
3584	71.1821
3585	71.182
3586	71.1819
3587	71.1818
3588	71.1817
3589	71.1816
3590	71.1816
3591	71.1815
3592	71.1814
3593	71.1813
3594	71.1812
3595	71.1811
3596	71.181
3597	71.181
3598	71.1809
3599	71.1808
3600	71.1807
3601	71.1806
3602	71.1805
3603	71.1805
3604	71.1804
3605	71.1803
3606	71.1802
3607	71.1801
3608	71.1801
3609	71.18
3610	71.1799
3611	71.1798
3612	71.1797
3613	71.1796
3614	71.1796
3615	71.1795
3616	71.1794
3617	71.1793
3618	71.1792
3619	71.1792
3620	71.1791
3621	71.179
3622	71.1789
3623	71.1788
3624	71.1788
3625	71.1787
3626	71.1786
3627	71.1785
3628	71.1784
3629	71.1784
3630	71.1783
3631	71.1782
3632	71.1781
3633	71.1781
3634	71.178
3635	71.1779
3636	71.1778
3637	71.1777
3638	71.1777
3639	71.1776
3640	71.1775
3641	71.1774
3642	71.1774
3643	71.1773
3644	71.1772
3645	71.1771
3646	71.1771
3647	71.177
3648	71.1769
3649	71.1768
3650	71.1768
3651	71.1767
3652	71.1766
3653	71.1765
3654	71.1765
3655	71.1764
3656	71.1763
3657	71.1763
3658	71.1762
3659	71.1761
3660	71.176
3661	71.176
3662	71.1759
3663	71.1758
3664	71.1757
3665	71.1757
3666	71.1756
3667	71.1755
3668	71.1755
3669	71.1754
3670	71.1753
3671	71.1752
3672	71.1752
3673	71.1751
3674	71.175
3675	71.175
3676	71.1749
3677	71.1748
3678	71.1748
3679	71.1747
3680	71.1746
3681	71.1745
3682	71.1745
3683	71.1744
3684	71.1743
3685	71.1743
3686	71.1742
3687	71.1741
3688	71.1741
3689	71.174
3690	71.1739
3691	71.1739
3692	71.1738
3693	71.1737
3694	71.1737
3695	71.1736
3696	71.1735
3697	71.1735
3698	71.1734
3699	71.1733
3700	71.1733
3701	71.1732
3702	71.1731
3703	71.1731
3704	71.173
3705	71.1729
3706	71.1729
3707	71.1728
3708	71.1727
3709	71.1727
3710	71.1726
3711	71.1725
3712	71.1725
3713	71.1724
3714	71.1723
3715	71.1723
3716	71.1722
3717	71.1722
3718	71.1721
3719	71.172
3720	71.172
3721	71.1719
3722	71.1718
3723	71.1718
3724	71.1717
3725	71.1716
3726	71.1716
3727	71.1715
3728	71.1715
3729	71.1714
3730	71.1713
3731	71.1713
3732	71.1712
3733	71.1712
3734	71.1711
3735	71.171
3736	71.171
3737	71.1709
3738	71.1708
3739	71.1708
3740	71.1707
3741	71.1707
3742	71.1706
3743	71.1705
3744	71.1705
3745	71.1704
3746	71.1704
3747	71.1703
3748	71.1702
3749	71.1702
3750	71.1701
3751	71.1701
3752	71.17
3753	71.17
3754	71.1699
3755	71.1698
3756	71.1698
3757	71.1697
3758	71.1697
3759	71.1696
3760	71.1695
3761	71.1695
3762	71.1694
3763	71.1694
3764	71.1693
3765	71.1693
3766	71.1692
3767	71.1691
3768	71.1691
3769	71.169
3770	71.169
3771	71.1689
3772	71.1689
3773	71.1688
3774	71.1688
3775	71.1687
3776	71.1686
3777	71.1686
3778	71.1685
3779	71.1685
3780	71.1684
3781	71.1684
3782	71.1683
3783	71.1683
3784	71.1682
3785	71.1681
3786	71.1681
3787	71.168
3788	71.168
3789	71.1679
3790	71.1679
3791	71.1678
3792	71.1678
3793	71.1677
3794	71.1677
3795	71.1676
3796	71.1676
3797	71.1675
3798	71.1675
3799	71.1674
3800	71.1673
3801	71.1673
3802	71.1672
3803	71.1672
3804	71.1671
3805	71.1671
3806	71.167
3807	71.167
3808	71.1669
3809	71.1669
3810	71.1668
3811	71.1668
3812	71.1667
3813	71.1667
3814	71.1666
3815	71.1666
3816	71.1665
3817	71.1665
3818	71.1664
3819	71.1664
3820	71.1663
3821	71.1663
3822	71.1662
3823	71.1662
3824	71.1661
3825	71.1661
3826	71.166
3827	71.166
3828	71.1659
3829	71.1659
3830	71.1658
3831	71.1658
3832	71.1657
3833	71.1657
3834	71.1656
3835	71.1656
3836	71.1655
3837	71.1655
3838	71.1654
3839	71.1654
3840	71.1653
3841	71.1653
3842	71.1652
3843	71.1652
3844	71.1652
3845	71.1651
3846	71.1651
3847	71.165
3848	71.165
3849	71.1649
3850	71.1649
3851	71.1648
3852	71.1648
3853	71.1647
3854	71.1647
3855	71.1646
3856	71.1646
3857	71.1645
3858	71.1645
3859	71.1645
3860	71.1644
3861	71.1644
3862	71.1643
3863	71.1643
3864	71.1642
3865	71.1642
3866	71.1641
3867	71.1641
3868	71.1641
3869	71.164
3870	71.164
3871	71.1639
3872	71.1639
3873	71.1638
3874	71.1638
3875	71.1637
3876	71.1637
3877	71.1637
3878	71.1636
3879	71.1636
3880	71.1635
3881	71.1635
3882	71.1634
3883	71.1634
3884	71.1633
3885	71.1633
3886	71.1633
3887	71.1632
3888	71.1632
3889	71.1631
3890	71.1631
3891	71.163
3892	71.163
3893	71.163
3894	71.1629
3895	71.1629
3896	71.1628
3897	71.1628
3898	71.1628
3899	71.1627
3900	71.1627
3901	71.1626
3902	71.1626
3903	71.1625
3904	71.1625
3905	71.1625
3906	71.1624
3907	71.1624
3908	71.1623
3909	71.1623
3910	71.1623
3911	71.1622
3912	71.1622
3913	71.1621
3914	71.1621
3915	71.1621
3916	71.162
3917	71.162
3918	71.1619
3919	71.1619
3920	71.1619
3921	71.1618
3922	71.1618
3923	71.1617
3924	71.1617
3925	71.1617
3926	71.1616
3927	71.1616
3928	71.1615
3929	71.1615
3930	71.1615
3931	71.1614
3932	71.1614
3933	71.1614
3934	71.1613
3935	71.1613
3936	71.1612
3937	71.1612
3938	71.1612
3939	71.1611
3940	71.1611
3941	71.161
3942	71.161
3943	71.161
3944	71.1609
3945	71.1609
3946	71.1609
3947	71.1608
3948	71.1608
3949	71.1607
3950	71.1607
3951	71.1607
3952	71.1606
3953	71.1606
3954	71.1606
3955	71.1605
3956	71.1605
3957	71.1605
3958	71.1604
3959	71.1604
3960	71.1603
3961	71.1603
3962	71.1603
3963	71.1602
3964	71.1602
3965	71.1602
3966	71.1601
3967	71.1601
3968	71.1601
3969	71.16
3970	71.16
3971	71.16
3972	71.1599
3973	71.1599
3974	71.1599
3975	71.1598
3976	71.1598
3977	71.1597
3978	71.1597
3979	71.1597
3980	71.1596
3981	71.1596
3982	71.1596
3983	71.1595
3984	71.1595
3985	71.1595
3986	71.1594
3987	71.1594
3988	71.1594
3989	71.1593
3990	71.1593
3991	71.1593
3992	71.1592
3993	71.1592
3994	71.1592
3995	71.1591
3996	71.1591
3997	71.1591
3998	71.159
3999	71.159
4000	71.159
4001	71.1589
4002	71.1589
4003	71.1589
4004	71.1588
4005	71.1588
4006	71.1588
4007	71.1587
4008	71.1587
4009	71.1587
4010	71.1586
4011	71.1586
4012	71.1586
4013	71.1585
4014	71.1585
4015	71.1585
4016	71.1585
4017	71.1584
4018	71.1584
4019	71.1584
4020	71.1583
4021	71.1583
4022	71.1583
4023	71.1582
4024	71.1582
4025	71.1582
4026	71.1581
4027	71.1581
4028	71.1581
4029	71.158
4030	71.158
4031	71.158
4032	71.158
4033	71.1579
4034	71.1579
4035	71.1579
4036	71.1578
4037	71.1578
4038	71.1578
4039	71.1577
4040	71.1577
4041	71.1577
4042	71.1577
4043	71.1576
4044	71.1576
4045	71.1576
4046	71.1575
4047	71.1575
4048	71.1575
4049	71.1575
4050	71.1574
4051	71.1574
4052	71.1574
4053	71.1573
4054	71.1573
4055	71.1573
4056	71.1572
4057	71.1572
4058	71.1572
4059	71.1572
4060	71.1571
4061	71.1571
4062	71.1571
4063	71.157
4064	71.157
4065	71.157
4066	71.157
4067	71.1569
4068	71.1569
4069	71.1569
4070	71.1569
4071	71.1568
4072	71.1568
4073	71.1568
4074	71.1567
4075	71.1567
4076	71.1567
4077	71.1567
4078	71.1566
4079	71.1566
4080	71.1566
4081	71.1565
4082	71.1565
4083	71.1565
4084	71.1565
4085	71.1564
4086	71.1564
4087	71.1564
4088	71.1564
4089	71.1563
4090	71.1563
4091	71.1563
4092	71.1563
4093	71.1562
4094	71.1562
4095	71.1562
4096	71.1561
4097	71.1561
4098	71.1561
4099	71.1561
4100	71.156
4101	71.156
4102	71.156
4103	71.156
4104	71.1559
4105	71.1559
4106	71.1559
4107	71.1559
4108	71.1558
4109	71.1558
4110	71.1558
4111	71.1558
4112	71.1557
4113	71.1557
4114	71.1557
4115	71.1557
4116	71.1556
4117	71.1556
4118	71.1556
4119	71.1556
4120	71.1555
4121	71.1555
4122	71.1555
4123	71.1555
4124	71.1554
4125	71.1554
4126	71.1554
4127	71.1554
4128	71.1553
4129	71.1553
4130	71.1553
4131	71.1553
4132	71.1552
4133	71.1552
4134	71.1552
4135	71.1552
4136	71.1551
4137	71.1551
4138	71.1551
4139	71.1551
4140	71.1551
4141	71.155
4142	71.155
4143	71.155
4144	71.155
4145	71.1549
4146	71.1549
4147	71.1549
4148	71.1549
4149	71.1548
4150	71.1548
4151	71.1548
4152	71.1548
4153	71.1548
4154	71.1547
4155	71.1547
4156	71.1547
4157	71.1547
4158	71.1546
4159	71.1546
4160	71.1546
4161	71.1546
4162	71.1545
4163	71.1545
4164	71.1545
4165	71.1545
4166	71.1545
4167	71.1544
4168	71.1544
4169	71.1544
4170	71.1544
4171	71.1543
4172	71.1543
4173	71.1543
4174	71.1543
4175	71.1543
4176	71.1542
4177	71.1542
4178	71.1542
4179	71.1542
4180	71.1542
4181	71.1541
4182	71.1541
4183	71.1541
4184	71.1541
4185	71.154
4186	71.154
4187	71.154
4188	71.154
4189	71.154
4190	71.1539
4191	71.1539
4192	71.1539
4193	71.1539
4194	71.1539
4195	71.1538
4196	71.1538
4197	71.1538
4198	71.1538
4199	71.1538
4200	71.1537
4201	71.1537
4202	71.1537
4203	71.1537
4204	71.1536
4205	71.1536
4206	71.1536
4207	71.1536
4208	71.1536
4209	71.1535
4210	71.1535
4211	71.1535
4212	71.1535
4213	71.1535
4214	71.1534
4215	71.1534
4216	71.1534
4217	71.1534
4218	71.1534
4219	71.1534
4220	71.1533
4221	71.1533
4222	71.1533
4223	71.1533
4224	71.1533
4225	71.1532
4226	71.1532
4227	71.1532
4228	71.1532
4229	71.1532
4230	71.1531
4231	71.1531
4232	71.1531
4233	71.1531
4234	71.1531
4235	71.153
4236	71.153
4237	71.153
4238	71.153
4239	71.153
4240	71.1529
4241	71.1529
4242	71.1529
4243	71.1529
4244	71.1529
4245	71.1529
4246	71.1528
4247	71.1528
4248	71.1528
4249	71.1528
4250	71.1528
4251	71.1527
4252	71.1527
4253	71.1527
4254	71.1527
4255	71.1527
4256	71.1527
4257	71.1526
4258	71.1526
4259	71.1526
4260	71.1526
4261	71.1526
4262	71.1525
4263	71.1525
4264	71.1525
4265	71.1525
4266	71.1525
4267	71.1525
4268	71.1524
4269	71.1524
4270	71.1524
4271	71.1524
4272	71.1524
4273	71.1524
4274	71.1523
4275	71.1523
4276	71.1523
4277	71.1523
4278	71.1523
4279	71.1523
4280	71.1522
4281	71.1522
4282	71.1522
4283	71.1522
4284	71.1522
4285	71.1522
4286	71.1521
4287	71.1521
4288	71.1521
4289	71.1521
4290	71.1521
4291	71.1521
4292	71.152
4293	71.152
4294	71.152
4295	71.152
4296	71.152
4297	71.152
4298	71.1519
4299	71.1519
4300	71.1519
4301	71.1519
4302	71.1519
4303	71.1519
4304	71.1518
4305	71.1518
4306	71.1518
4307	71.1518
4308	71.1518
4309	71.1518
4310	71.1517
4311	71.1517
4312	71.1517
4313	71.1517
4314	71.1517
4315	71.1517
4316	71.1517
4317	71.1516
4318	71.1516
4319	71.1516
4320	71.1516
4321	71.1516
4322	71.1516
4323	71.1515
4324	71.1515
4325	71.1515
4326	71.1515
4327	71.1515
4328	71.1515
4329	71.1515
4330	71.1514
4331	71.1514
4332	71.1514
4333	71.1514
4334	71.1514
4335	71.1514
4336	71.1513
4337	71.1513
4338	71.1513
4339	71.1513
4340	71.1513
4341	71.1513
4342	71.1513
4343	71.1512
4344	71.1512
4345	71.1512
4346	71.1512
4347	71.1512
4348	71.1512
4349	71.1512
4350	71.1511
4351	71.1511
4352	71.1511
4353	71.1511
4354	71.1511
4355	71.1511
4356	71.1511
4357	71.151
4358	71.151
4359	71.151
4360	71.151
4361	71.151
4362	71.151
4363	71.151
4364	71.1509
4365	71.1509
4366	71.1509
4367	71.1509
4368	71.1509
4369	71.1509
4370	71.1509
4371	71.1508
4372	71.1508
4373	71.1508
4374	71.1508
4375	71.1508
4376	71.1508
4377	71.1508
4378	71.1508
4379	71.1507
4380	71.1507
4381	71.1507
4382	71.1507
4383	71.1507
4384	71.1507
4385	71.1507
4386	71.1506
4387	71.1506
4388	71.1506
4389	71.1506
4390	71.1506
4391	71.1506
4392	71.1506
4393	71.1506
4394	71.1505
4395	71.1505
4396	71.1505
4397	71.1505
4398	71.1505
4399	71.1505
4400	71.1505
4401	71.1505
4402	71.1504
4403	71.1504
4404	71.1504
4405	71.1504
4406	71.1504
4407	71.1504
4408	71.1504
4409	71.1504
4410	71.1503
4411	71.1503
4412	71.1503
4413	71.1503
4414	71.1503
4415	71.1503
4416	71.1503
4417	71.1503
4418	71.1502
4419	71.1502
4420	71.1502
4421	71.1502
4422	71.1502
4423	71.1502
4424	71.1502
4425	71.1502
4426	71.1501
4427	71.1501
4428	71.1501
4429	71.1501
4430	71.1501
4431	71.1501
4432	71.1501
4433	71.1501
4434	71.15
4435	71.15
4436	71.15
4437	71.15
4438	71.15
4439	71.15
4440	71.15
4441	71.15
4442	71.15
4443	71.1499
4444	71.1499
4445	71.1499
4446	71.1499
4447	71.1499
4448	71.1499
4449	71.1499
4450	71.1499
4451	71.1499
4452	71.1498
4453	71.1498
4454	71.1498
4455	71.1498
4456	71.1498
4457	71.1498
4458	71.1498
4459	71.1498
4460	71.1498
4461	71.1497
4462	71.1497
4463	71.1497
4464	71.1497
4465	71.1497
4466	71.1497
4467	71.1497
4468	71.1497
4469	71.1497
4470	71.1496
4471	71.1496
4472	71.1496
4473	71.1496
4474	71.1496
4475	71.1496
4476	71.1496
4477	71.1496
4478	71.1496
4479	71.1495
4480	71.1495
4481	71.1495
4482	71.1495
4483	71.1495
4484	71.1495
4485	71.1495
4486	71.1495
4487	71.1495
4488	71.1495
4489	71.1494
4490	71.1494
4491	71.1494
4492	71.1494
4493	71.1494
4494	71.1494
4495	71.1494
4496	71.1494
4497	71.1494
4498	71.1494
4499	71.1493
4500	71.1493
4501	71.1493
4502	71.1493
4503	71.1493
4504	71.1493
4505	71.1493
4506	71.1493
4507	71.1493
4508	71.1493
4509	71.1492
4510	71.1492
4511	71.1492
4512	71.1492
4513	71.1492
4514	71.1492
4515	71.1492
4516	71.1492
4517	71.1492
4518	71.1492
4519	71.1491
4520	71.1491
4521	71.1491
4522	71.1491
4523	71.1491
4524	71.1491
4525	71.1491
4526	71.1491
4527	71.1491
4528	71.1491
4529	71.1491
4530	71.149
4531	71.149
4532	71.149
4533	71.149
4534	71.149
4535	71.149
4536	71.149
4537	71.149
4538	71.149
4539	71.149
4540	71.1489
4541	71.1489
4542	71.1489
4543	71.1489
4544	71.1489
4545	71.1489
4546	71.1489
4547	71.1489
4548	71.1489
4549	71.1489
4550	71.1489
4551	71.1488
4552	71.1488
4553	71.1488
4554	71.1488
4555	71.1488
4556	71.1488
4557	71.1488
4558	71.1488
4559	71.1488
4560	71.1488
4561	71.1488
4562	71.1488
4563	71.1487
4564	71.1487
4565	71.1487
4566	71.1487
4567	71.1487
4568	71.1487
4569	71.1487
4570	71.1487
4571	71.1487
4572	71.1487
4573	71.1487
4574	71.1487
4575	71.1486
4576	71.1486
4577	71.1486
4578	71.1486
4579	71.1486
4580	71.1486
4581	71.1486
4582	71.1486
4583	71.1486
4584	71.1486
4585	71.1486
4586	71.1486
4587	71.1485
4588	71.1485
4589	71.1485
4590	71.1485
4591	71.1485
4592	71.1485
4593	71.1485
4594	71.1485
4595	71.1485
4596	71.1485
4597	71.1485
4598	71.1485
4599	71.1484
4600	71.1484
4601	71.1484
4602	71.1484
4603	71.1484
4604	71.1484
4605	71.1484
4606	71.1484
4607	71.1484
4608	71.1484
4609	71.1484
4610	71.1484
4611	71.1484
4612	71.1483
4613	71.1483
4614	71.1483
4615	71.1483
4616	71.1483
4617	71.1483
4618	71.1483
4619	71.1483
4620	71.1483
4621	71.1483
4622	71.1483
4623	71.1483
4624	71.1483
4625	71.1482
4626	71.1482
4627	71.1482
4628	71.1482
4629	71.1482
4630	71.1482
4631	71.1482
4632	71.1482
4633	71.1482
4634	71.1482
4635	71.1482
4636	71.1482
4637	71.1482
4638	71.1482
4639	71.1481
4640	71.1481
4641	71.1481
4642	71.1481
4643	71.1481
4644	71.1481
4645	71.1481
4646	71.1481
4647	71.1481
4648	71.1481
4649	71.1481
4650	71.1481
4651	71.1481
4652	71.1481
4653	71.148
4654	71.148
4655	71.148
4656	71.148
4657	71.148
4658	71.148
4659	71.148
4660	71.148
4661	71.148
4662	71.148
4663	71.148
4664	71.148
4665	71.148
4666	71.148
4667	71.148
4668	71.1479
4669	71.1479
4670	71.1479
4671	71.1479
4672	71.1479
4673	71.1479
4674	71.1479
4675	71.1479
4676	71.1479
4677	71.1479
4678	71.1479
4679	71.1479
4680	71.1479
4681	71.1479
4682	71.1479
4683	71.1478
4684	71.1478
4685	71.1478
4686	71.1478
4687	71.1478
4688	71.1478
4689	71.1478
4690	71.1478
4691	71.1478
4692	71.1478
4693	71.1478
4694	71.1478
4695	71.1478
4696	71.1478
4697	71.1478
4698	71.1478
4699	71.1477
4700	71.1477
4701	71.1477
4702	71.1477
4703	71.1477
4704	71.1477
4705	71.1477
4706	71.1477
4707	71.1477
4708	71.1477
4709	71.1477
4710	71.1477
4711	71.1477
4712	71.1477
4713	71.1477
4714	71.1477
4715	71.1476
4716	71.1476
4717	71.1476
4718	71.1476
4719	71.1476
4720	71.1476
4721	71.1476
4722	71.1476
4723	71.1476
4724	71.1476
4725	71.1476
4726	71.1476
4727	71.1476
4728	71.1476
4729	71.1476
4730	71.1476
4731	71.1476
4732	71.1475
4733	71.1475
4734	71.1475
4735	71.1475
4736	71.1475
4737	71.1475
4738	71.1475
4739	71.1475
4740	71.1475
4741	71.1475
4742	71.1475
4743	71.1475
4744	71.1475
4745	71.1475
4746	71.1475
4747	71.1475
4748	71.1475
4749	71.1475
4750	71.1474
4751	71.1474
4752	71.1474
4753	71.1474
4754	71.1474
4755	71.1474
4756	71.1474
4757	71.1474
4758	71.1474
4759	71.1474
4760	71.1474
4761	71.1474
4762	71.1474
4763	71.1474
4764	71.1474
4765	71.1474
4766	71.1474
4767	71.1474
4768	71.1473
4769	71.1473
4770	71.1473
4771	71.1473
4772	71.1473
4773	71.1473
4774	71.1473
4775	71.1473
4776	71.1473
4777	71.1473
4778	71.1473
4779	71.1473
4780	71.1473
4781	71.1473
4782	71.1473
4783	71.1473
4784	71.1473
4785	71.1473
4786	71.1473
4787	71.1473
4788	71.1472
4789	71.1472
4790	71.1472
4791	71.1472
4792	71.1472
4793	71.1472
4794	71.1472
4795	71.1472
4796	71.1472
4797	71.1472
4798	71.1472
4799	71.1472
4800	71.1472
4801	71.1472
4802	71.1472
4803	71.1472
4804	71.1472
4805	71.1472
4806	71.1472
4807	71.1472
4808	71.1471
4809	71.1471
4810	71.1471
4811	71.1471
4812	71.1471
4813	71.1471
4814	71.1471
4815	71.1471
4816	71.1471
4817	71.1471
4818	71.1471
4819	71.1471
4820	71.1471
4821	71.1471
4822	71.1471
4823	71.1471
4824	71.1471
4825	71.1471
4826	71.1471
4827	71.1471
4828	71.1471
4829	71.1471
4830	71.147
4831	71.147
4832	71.147
4833	71.147
4834	71.147
4835	71.147
4836	71.147
4837	71.147
4838	71.147
4839	71.147
4840	71.147
4841	71.147
4842	71.147
4843	71.147
4844	71.147
4845	71.147
4846	71.147
4847	71.147
4848	71.147
4849	71.147
4850	71.147
4851	71.147
4852	71.147
4853	71.1469
4854	71.1469
4855	71.1469
4856	71.1469
4857	71.1469
4858	71.1469
4859	71.1469
4860	71.1469
4861	71.1469
4862	71.1469
4863	71.1469
4864	71.1469
4865	71.1469
4866	71.1469
4867	71.1469
4868	71.1469
4869	71.1469
4870	71.1469
4871	71.1469
4872	71.1469
4873	71.1469
4874	71.1469
4875	71.1469
4876	71.1469
4877	71.1468
4878	71.1468
4879	71.1468
4880	71.1468
4881	71.1468
4882	71.1468
4883	71.1468
4884	71.1468
4885	71.1468
4886	71.1468
4887	71.1468
4888	71.1468
4889	71.1468
4890	71.1468
4891	71.1468
4892	71.1468
4893	71.1468
4894	71.1468
4895	71.1468
4896	71.1468
4897	71.1468
4898	71.1468
4899	71.1468
4900	71.1468
4901	71.1468
4902	71.1468
4903	71.1467
4904	71.1467
4905	71.1467
4906	71.1467
4907	71.1467
4908	71.1467
4909	71.1467
4910	71.1467
4911	71.1467
4912	71.1467
4913	71.1467
4914	71.1467
4915	71.1467
4916	71.1467
4917	71.1467
4918	71.1467
4919	71.1467
4920	71.1467
4921	71.1467
4922	71.1467
4923	71.1467
4924	71.1467
4925	71.1467
4926	71.1467
4927	71.1467
4928	71.1467
4929	71.1467
4930	71.1466
4931	71.1466
4932	71.1466
4933	71.1466
4934	71.1466
4935	71.1466
4936	71.1466
4937	71.1466
4938	71.1466
4939	71.1466
4940	71.1466
4941	71.1466
4942	71.1466
4943	71.1466
4944	71.1466
4945	71.1466
4946	71.1466
4947	71.1466
4948	71.1466
4949	71.1466
4950	71.1466
4951	71.1466
4952	71.1466
4953	71.1466
4954	71.1466
4955	71.1466
4956	71.1466
4957	71.1466
4958	71.1466
4959	71.1465
4960	71.1465
4961	71.1465
4962	71.1465
4963	71.1465
4964	71.1465
4965	71.1465
4966	71.1465
4967	71.1465
4968	71.1465
4969	71.1465
4970	71.1465
4971	71.1465
4972	71.1465
4973	71.1465
4974	71.1465
4975	71.1465
4976	71.1465
4977	71.1465
4978	71.1465
4979	71.1465
4980	71.1465
4981	71.1465
4982	71.1465
4983	71.1465
4984	71.1465
4985	71.1465
4986	71.1465
4987	71.1465
4988	71.1465
4989	71.1465
4990	71.1465
4991	71.1464
4992	71.1464
4993	71.1464
4994	71.1464
4995	71.1464
4996	71.1464
4997	71.1464
4998	71.1464
4999	71.1464
5000	71.1464
5001	71.1464
5002	71.1464
5003	71.1464
5004	71.1464
5005	71.1464
5006	71.1464
5007	71.1464
5008	71.1464
5009	71.1464
5010	71.1464
5011	71.1464
5012	71.1464
5013	71.1464
5014	71.1464
5015	71.1464
5016	71.1464
5017	71.1464
5018	71.1464
5019	71.1464
5020	71.1464
5021	71.1464
5022	71.1464
5023	71.1464
5024	71.1464
5025	71.1464
5026	71.1463
5027	71.1463
5028	71.1463
5029	71.1463
5030	71.1463
5031	71.1463
5032	71.1463
5033	71.1463
5034	71.1463
5035	71.1463
5036	71.1463
5037	71.1463
5038	71.1463
5039	71.1463
5040	71.1463
5041	71.1463
5042	71.1463
5043	71.1463
5044	71.1463
5045	71.1463
5046	71.1463
5047	71.1463
5048	71.1463
5049	71.1463
5050	71.1463
5051	71.1463
5052	71.1463
5053	71.1463
5054	71.1463
5055	71.1463
5056	71.1463
5057	71.1463
5058	71.1463
5059	71.1463
5060	71.1463
5061	71.1463
5062	71.1463
5063	71.1462
5064	71.1462
5065	71.1462
5066	71.1462
5067	71.1462
5068	71.1462
5069	71.1462
5070	71.1462
5071	71.1462
5072	71.1462
5073	71.1462
5074	71.1462
5075	71.1462
5076	71.1462
5077	71.1462
5078	71.1462
5079	71.1462
5080	71.1462
5081	71.1462
5082	71.1462
5083	71.1462
5084	71.1462
5085	71.1462
5086	71.1462
5087	71.1462
5088	71.1462
5089	71.1462
5090	71.1462
5091	71.1462
5092	71.1462
5093	71.1462
5094	71.1462
5095	71.1462
5096	71.1462
5097	71.1462
5098	71.1462
5099	71.1462
5100	71.1462
5101	71.1462
5102	71.1462
5103	71.1462
5104	71.1462
5105	71.1461
5106	71.1461
5107	71.1461
5108	71.1461
5109	71.1461
5110	71.1461
5111	71.1461
5112	71.1461
5113	71.1461
5114	71.1461
5115	71.1461
5116	71.1461
5117	71.1461
5118	71.1461
5119	71.1461
5120	71.1461
5121	71.1461
5122	71.1461
5123	71.1461
5124	71.1461
5125	71.1461
5126	71.1461
5127	71.1461
5128	71.1461
5129	71.1461
5130	71.1461
5131	71.1461
5132	71.1461
5133	71.1461
5134	71.1461
5135	71.1461
5136	71.1461
5137	71.1461
5138	71.1461
5139	71.1461
5140	71.1461
5141	71.1461
5142	71.1461
5143	71.1461
5144	71.1461
5145	71.1461
5146	71.1461
5147	71.1461
5148	71.1461
5149	71.1461
5150	71.1461
5151	71.1461
5152	71.146
5153	71.146
5154	71.146
5155	71.146
5156	71.146
5157	71.146
5158	71.146
5159	71.146
5160	71.146
5161	71.146
5162	71.146
5163	71.146
5164	71.146
5165	71.146
5166	71.146
5167	71.146
5168	71.146
5169	71.146
5170	71.146
5171	71.146
5172	71.146
5173	71.146
5174	71.146
5175	71.146
5176	71.146
5177	71.146
5178	71.146
5179	71.146
5180	71.146
5181	71.146
5182	71.146
5183	71.146
5184	71.146
5185	71.146
5186	71.146
5187	71.146
5188	71.146
5189	71.146
5190	71.146
5191	71.146
5192	71.146
5193	71.146
5194	71.146
5195	71.146
5196	71.146
5197	71.146
5198	71.146
5199	71.146
5200	71.146
5201	71.146
5202	71.146
5203	71.146
5204	71.146
5205	71.1459
5206	71.1459
5207	71.1459
5208	71.1459
5209	71.1459
5210	71.1459
5211	71.1459
5212	71.1459
5213	71.1459
5214	71.1459
5215	71.1459
5216	71.1459
5217	71.1459
5218	71.1459
5219	71.1459
5220	71.1459
5221	71.1459
5222	71.1459
5223	71.1459
5224	71.1459
5225	71.1459
5226	71.1459
5227	71.1459
5228	71.1459
5229	71.1459
5230	71.1459
5231	71.1459
5232	71.1459
5233	71.1459
5234	71.1459
5235	71.1459
5236	71.1459
5237	71.1459
5238	71.1459
5239	71.1459
5240	71.1459
5241	71.1459
5242	71.1459
5243	71.1459
5244	71.1459
5245	71.1459
5246	71.1459
5247	71.1459
5248	71.1459
5249	71.1459
5250	71.1459
5251	71.1459
5252	71.1459
5253	71.1459
5254	71.1459
5255	71.1459
5256	71.1459
5257	71.1459
5258	71.1459
5259	71.1459
5260	71.1459
5261	71.1459
5262	71.1459
5263	71.1459
5264	71.1459
5265	71.1459
5266	71.1458
5267	71.1458
5268	71.1458
5269	71.1458
5270	71.1458
5271	71.1458
5272	71.1458
5273	71.1458
5274	71.1458
5275	71.1458
5276	71.1458
5277	71.1458
5278	71.1458
5279	71.1458
5280	71.1458
5281	71.1458
5282	71.1458
5283	71.1458
5284	71.1458
5285	71.1458
5286	71.1458
5287	71.1458
5288	71.1458
5289	71.1458
5290	71.1458
5291	71.1458
5292	71.1458
5293	71.1458
5294	71.1458
5295	71.1458
5296	71.1458
5297	71.1458
5298	71.1458
5299	71.1458
5300	71.1458
5301	71.1458
5302	71.1458
5303	71.1458
5304	71.1458
5305	71.1458
5306	71.1458
5307	71.1458
5308	71.1458
5309	71.1458
5310	71.1458
5311	71.1458
5312	71.1458
5313	71.1458
5314	71.1458
5315	71.1458
5316	71.1458
5317	71.1458
5318	71.1458
5319	71.1458
5320	71.1458
5321	71.1458
5322	71.1458
5323	71.1458
5324	71.1458
5325	71.1458
5326	71.1458
5327	71.1458
5328	71.1458
5329	71.1458
5330	71.1458
5331	71.1458
5332	71.1458
5333	71.1458
5334	71.1458
5335	71.1458
5336	71.1458
5337	71.1458
5338	71.1458
5339	71.1457
5340	71.1457
5341	71.1457
5342	71.1457
5343	71.1457
5344	71.1457
5345	71.1457
5346	71.1457
5347	71.1457
5348	71.1457
5349	71.1457
5350	71.1457
5351	71.1457
5352	71.1457
5353	71.1457
5354	71.1457
5355	71.1457
5356	71.1457
5357	71.1457
5358	71.1457
5359	71.1457
5360	71.1457
5361	71.1457
5362	71.1457
5363	71.1457
5364	71.1457
5365	71.1457
5366	71.1457
5367	71.1457
5368	71.1457
5369	71.1457
5370	71.1457
5371	71.1457
5372	71.1457
5373	71.1457
5374	71.1457
5375	71.1457
5376	71.1457
5377	71.1457
5378	71.1457
5379	71.1457
5380	71.1457
5381	71.1457
5382	71.1457
5383	71.1457
5384	71.1457
5385	71.1457
5386	71.1457
5387	71.1457
5388	71.1457
5389	71.1457
5390	71.1457
5391	71.1457
5392	71.1457
5393	71.1457
5394	71.1457
5395	71.1457
5396	71.1457
5397	71.1457
5398	71.1457
5399	71.1457
5400	71.1457
5401	71.1457
5402	71.1457
5403	71.1457
5404	71.1457
5405	71.1457
5406	71.1457
5407	71.1457
5408	71.1457
5409	71.1457
5410	71.1457
5411	71.1457
5412	71.1457
5413	71.1457
5414	71.1457
5415	71.1457
5416	71.1457
5417	71.1457
5418	71.1457
5419	71.1457
5420	71.1457
5421	71.1457
5422	71.1457
5423	71.1457
5424	71.1457
5425	71.1457
5426	71.1457
5427	71.1457
5428	71.1457
5429	71.1456
5430	71.1456
5431	71.1456
5432	71.1456
5433	71.1456
5434	71.1456
5435	71.1456
5436	71.1456
5437	71.1456
5438	71.1456
5439	71.1456
5440	71.1456
5441	71.1456
5442	71.1456
5443	71.1456
5444	71.1456
5445	71.1456
5446	71.1456
5447	71.1456
5448	71.1456
5449	71.1456
5450	71.1456
5451	71.1456
5452	71.1456
5453	71.1456
5454	71.1456
5455	71.1456
5456	71.1456
5457	71.1456
5458	71.1456
5459	71.1456
5460	71.1456
5461	71.1456
5462	71.1456
5463	71.1456
5464	71.1456
5465	71.1456
5466	71.1456
5467	71.1456
5468	71.1456
5469	71.1456
5470	71.1456
5471	71.1456
5472	71.1456
5473	71.1456
5474	71.1456
5475	71.1456
5476	71.1456
5477	71.1456
5478	71.1456
5479	71.1456
5480	71.1456
5481	71.1456
5482	71.1456
5483	71.1456
5484	71.1456
5485	71.1456
5486	71.1456
5487	71.1456
5488	71.1456
5489	71.1456
5490	71.1456
5491	71.1456
5492	71.1456
5493	71.1456
5494	71.1456
5495	71.1456
5496	71.1456
5497	71.1456
5498	71.1456
5499	71.1456
5500	71.1456
5501	71.1456
5502	71.1456
5503	71.1456
5504	71.1456
5505	71.1456
5506	71.1456
5507	71.1456
5508	71.1456
5509	71.1456
5510	71.1456
5511	71.1456
5512	71.1456
5513	71.1456
5514	71.1456
5515	71.1456
5516	71.1456
5517	71.1456
5518	71.1456
5519	71.1456
5520	71.1456
5521	71.1456
5522	71.1456
5523	71.1456
5524	71.1456
5525	71.1456
5526	71.1456
5527	71.1456
5528	71.1456
5529	71.1456
5530	71.1456
5531	71.1456
5532	71.1456
5533	71.1456
5534	71.1456
5535	71.1456
5536	71.1456
5537	71.1456
5538	71.1456
5539	71.1456
5540	71.1456
5541	71.1456
5542	71.1456
5543	71.1456
5544	71.1456
5545	71.1456
5546	71.1456
5547	71.1456
